 dsig   2.5040814031442915E+061                       NaN   2.5040814031442915E+061
  -0.0000000000000000       -0.0000000000000000        2.5040814031442915E+061
 dsig   0.0000000000000000        0.0000000000000000        0.0000000000000000     
   0.0000000000000000        0.0000000000000000        0.0000000000000000     
 dsig   0.0000000000000000        0.0000000000000000        0.0000000000000000     
   0.0000000000000000        0.0000000000000000        0.0000000000000000     
 dsig   0.0000000000000000        0.0000000000000000        0.0000000000000000     
   0.0000000000000000        0.0000000000000000        0.0000000000000000     
 dsig   2.5948014622798578E+060   14836893.001768991        2.8548566762873247E+060
   2.6005521400746684E+059   5.2641231703211425E+033   2.8548566762873247E+060
 dsig   1.2890392565600416E+066   1.4581934028597652E+040   1.4065684593578286E+066
   1.1752920279767717E+065   1.0973958728304933E+053   1.4065684593578286E+066
 dsig   6.9329404285523551E+077   2.1165411000409780E+036   6.9329404285526502E+077
   2.9474985309115885E+064  -5.3295465257756408E+049   6.9329404285526502E+077
 dsig   0.0000000000000000        0.0000000000000000        0.0000000000000000     
   0.0000000000000000        0.0000000000000000        0.0000000000000000     
 dsig   4.7448372022050605E+040   2.0880083697396695E+077   1.6062538056747308E+077
   4.5778555138228684E+039   8.2246774832640340E+058   1.6062538056747308E+077
 dsig   0.0000000000000000        0.0000000000000000        0.0000000000000000     
   0.0000000000000000        0.0000000000000000        0.0000000000000000     
 dsig   2.8339426430740967E+063                       NaN                       NaN
   2.8168429684180768E+062                       NaN                       NaN
